2 8 5 2147483647 3.2 0.16 0.5 0

1 10 5 2147483647 2 0.1 0.25 0.161126

19 9 23 2147483647 7.43478 1.71 4.75 0.569146

5 6 6 2147483647 5 0.3 1.25 0.757885

2 8 2 2147483647 8 0.16 0.5 0.913287

12 6 3 2147483647 24 0.72 3 1.23262

8 7 22 2147483647 2.54545 0.56 2 2.05336

5 3 4 2147483647 3.75 0.15 1.25 2.441

13 3 22 2147483647 1.77273 0.39 3.25 2.77273

17 9 6 2147483647 25.5 1.53 4.25 2.96143

8 7 12 2147483647 4.66667 0.56 2 3.42928

19 10 23 2147483647 8.26087 1.9 4.75 3.86537

8 10 26 2147483647 3.07692 0.8 2 3.89606

15 4 22 2147483647 2.72727 0.6 3.75 3.94849

3 4 4 2147483647 3 0.12 0.75 3.99254

5 2 2 2147483647 5 0.1 1.25 4.06869

14 9 18 2147483647 7 1.26 3.5 4.2759

5 3 28 2147483647 0.535714 0.15 1.25 5.06089

18 10 24 2147483647 7.5 1.8 4.5 5.40632

2 10 29 2147483647 0.689655 0.2 0.5 5.42423

